0.3244,0.5024,0.2765,0.3738,0.2819,0.3336,0.4543,0.2109,0.3648,0.06277,0.1994,0.4232,0.3575,0.4896,0.5752,0.5247,0.3771,0.2498,0.3577,0.416
0.4539,0.9414,0.3237,0.3631,0.707,0.7616,0.8117,0.3899,0.7042,0.4105,0.4369,0.9872,0.6918,0.7228,0.7509,1.273,0.7756,0.497,0.7118,0.3947
0.8288,1.177,0.6439,0.2452,0.4802,0.9619,1.414,0.3302,0.8747,0.4473,0.06669,1.04,0.6516,0.7154,0.5622,1.3,0.1426,0.1356,0.7765,0.4179
1.158,1.302,0.7767,0.1858,0.8992,0.09442,1.175,0.5075,0.9358,0.7322,0.3701,1.148,0.8957,0.912,0.7678,1.612,1.458,1.012,1.014,0.5044
1.235,2.045,1.11,0.4872,0.9017,0.132,1.059,0.7805,1.035,0.7248,0.3197,1.182,1.084,0.961,0.08959,0.317,1.411,2.437,0.562,0.4812
1.1,2.132,0.4157,0.3753,1.038,0.4443,1.283,1.065,1.104,0.9373,1.077,1.943,1.139,1.133,0.1038,0.09636,0.107,2.205,0.3864,0.4226
1.069,1.961,0.1331,0.3386,0.9653,0.855,1.453,2.075,1.199,0.1246,0.4516,1.761,1.203,1.295,0.183,0.1796,0.2558,2.358,0.5174,0.3213
1.316,1.798,0.1618,0.7871,1.233,1.138,1.193,1.875,0.2097,0.2172,0.4948,1.747,1.465,1.437,0.3526,0.2003,2.208,2.175,0.3704,0.4786
1.498,1.85,0.6259,1.027,1.166,0.9431,1.187,1.663,0.5342,0.6224,0.473,1.681,1.149,1.193,0.5952,0.5621,2.2,0.3204,0.3831,0.8751
1.274,1.735,0.8826,1.124,1.183,1.064,1.382,1.553,0.6406,1.234,0.7257,2.528,1.162,1.219,0.6256,0.6218,2.081,0.4565,0.3635,0.8048
1.422,1.718,1.03,1.075,1.136,1.785,1.446,1.418,0.374,1.235,0.6724,2.275,0.08804,1.533,0.9004,0.8597,2.05,0.759,0.4149,1.006
1.338,1.687,1.182,1.243,0.3467,1.727,2.642,3.656,0.3073,1.291,0.6681,2.048,1.914,3.027,1.115,1.026,2.076,0.7882,0.4325,0.9807
1.405,1.662,1.338,1.487,0.8423,0.4872,0.3467,3.558,0.4398,1.879,0.8438,0.08055,0.08488,2.781,3.433,0.9738,1.999,1.654,1.113,0.9104
1.29,2.646,1.383,1.474,0.8845,0.9425,0.5513,3.28,0.6324,1.844,0.6563,0.3251,0.5556,1.003,3.756,0.9908,2.001,1.574,0.09665,0.107
0.3861,2.622,1.478,1.487,1.15,0.7621,0.4257,3.13,0.6735,1.672,0.5385,0.3208,0.6995,0.6594,3.371,0.8453,1.975,1.587,0.5934,0.3273
0.3352,2.516,1.587,1.613,1.268,0.5918,0.717,3.13,0.9858,1.614,1.258,0.9839,0.8743,0.7464,3.575,3.965,1.993,1.574,0.7173,0.3639
0.2735,2.343,3.434,1.548,1.758,0.7883,0.7379,3.462,1.066,2.807,1.679,0.5756,0.5433,0.3416,0.4494,3.959,1.985,1.523,0.7625,0.9016
0.4618,0.4712,3.385,1.497,2.066,0.5302,0.4081,3.244,1.071,3.283,1.179,0.68,0.116,0.1001,0.4529,3.733,1.993,1.456,0.7713,0.893
0.8115,0.5315,3.101,1.452,1.784,0.09636,0.3449,3.208,1.118,2.991,0.2564,0.5479,0.1307,0.1123,0.4764,6.436,3.028,1.296,0.8049,0.9067
0.8785,0.7305,2.978,1.33,1.518,0.2286,0.513,3.373,1.188,2.718,0.8785,0.4969,0.2231,0.2213,0.428,6.257,0.08054,0.09291,0.9891,1.037
1.027,0.6372,5.01,2.43,1.377,0.06565,0.3862,3.184,3.96,2.551,0.9097,0.4597,0.2675,0.6653,0.4127,6.15,0.6967,0.1668,1.111,1.057
1.082,0.8137,5,0.6125,0.107,0.5149,0.6794,0.2993,3.728,2.41,0.9436,0.5402,0.547,0.873,0.6874,6.273,0.5768,0.2417,1.22,1.2
1.098,0.947,4.741,0.1588,0.1263,1.098,0.5557,0.2518,3.565,2.309,0.961,0.8037,0.7348,1.164,0.6159,6.163,0.41,0.6812,1.423,1.456
1.215,0.9362,4.518,0.1925,0.2167,0.8818,0.499,0.4546,3.502,2.198,2.74,3.082,0.8046,1.329,0.7963,6.148,0.5914,0.9445,1.185,1.344
1.004,1.005,4.363,4.314,4.161,4.595,0.7248,0.6164,3.457,0.3471,0.08054,2.822,0.7983,1.91,0.8243,6.077,0.8472,0.9371,1.182,1.33
0.9749,0.9685,0.3995,0.5682,0.3432,4.385,1.076,1.071,3.444,0.897,0.507,2.58,2.505,3.881,0.8999,6.007,1.119,1.247,1.508,1.541
1.096,0.8327,0.5663,0.9318,0.7894,4.297,0.9271,0.9545,3.389,0.9753,1.18,0.6499,0.6871,3.946,1.106,6.003,1.191,1.234,1.511,1.459
1.316,1.132,0.7356,1.124,4.517,4.074,1.037,0.9619,3.254,0.9918,1.23,0.2448,0.2846,3.679,1.136,5.999,1.365,1.366,1.347,1.572
1.278,1.025,0.7912,1.312,4.612,0.5247,0.845,1.452,3.174,3.961,1.391,0.3383,0.3064,3.523,1.08,5.931,1.426,1.373,1.145,1.391
1.351,1.038,0.8505,1.126,4.779,0.5709,0.209,1.492,0.6781,3.804,1.167,1.377,0.3263,3.368,1.126,5.89,1.351,2.14,1.168,1.277
1.383,1.124,0.7773,1.23,4.636,0.1981,0.237,1.485,0.7868,3.717,0.3674,1.545,3.219,3.249,1.229,5.885,1.322,1.992,0.6598,1.445
1.458,1.254,0.726,1.145,4.485,0.6306,0.5876,1.61,1.937,3.697,0.6356,1.624,3.129,0.3498,1.059,5.887,1.33,1.938,0.9194,1.557
1.548,1.12,0.6346,1.18,4.375,0.5139,0.2874,0.3553,1.74,3.611,0.5613,1.418,3.165,0.8701,6.761,5.825,1.144,2.936,3.173,4.072
1.623,1.322,1.041,1.44,4.307,0.7471,0.8248,0.8717,1.758,3.505,0.7217,1.851,3.087,1.131,7.122,0.7267,0.3738,0.4463,0.3424,3.925
1.741,1.496,1.195,1.208,4.251,0.9874,0.9455,0.7427,1.637,3.535,0.3631,1.829,4.51,7.68,7.015,0.9578,0.4615,0.5854,0.9097,3.765
3.483,2.246,1.232,1.06,4.189,1.05,1.123,2.018,1.521,3.443,0.5034,0.2792,4.395,7.401,0.4692,0.8195,0.135,0.1233,0.7276,3.536
3.642,0.6228,0.3788,1.281,4.16,1.204,1.332,2.377,0.5561,3.452,0.7207,0.1442,4.298,7.22,0.9408,0.9454,0.2083,0.204,0.8482,3.383
3.5,0.1381,0.2062,1.71,4.31,1.529,1.587,2.333,0.418,3.54,0.881,0.3146,4.281,11.17,1.126,0.972,0.5737,0.3488,0.7985,3.254
3.271,0.1985,0.2491,1.764,4.25,1.554,1.425,2.145,0.3736,3.457,1.237,0.09826,0.4878,10.97,0.9778,1.072,0.7958,0.4016,3.474,3.048
3.035,0.2135,0.5936,6.557,5.327,1.404,1.348,3.547,0.6856,3.333,1.11,0.1669,0.4421,10.78,10.81,11.22,1.013,0.5609,3.342,0.02823
2.827,2.767,0.8477,6.273,0.6139,0.6989,0.3788,3.287,0.4912,3.414,1.172,0.2878,0.7614,0.4205,0.4876,11.24,0.885,1.02,3.379,0.463
0.335,2.744,3.142,6.055,1.079,0.5922,0.3088,3.025,0.5717,3.592,1.359,0.7413,1.283,0.4813,0.7027,11.31,1.058,1.18,3.423,1.114
0.5579,0.4712,3.26,5.817,6.367,6.527,0.8749,2.97,0.6743,3.944,1.358,0.9876,1.414,0.4233,0.09243,11.03,11.42,1.431,3.315,1.288
0.506,0.6886,3.457,0.4321,0.5759,6.57,3.178,2.785,0.5023,3.831,1.41,1.07,1.436,0.3881,0.09826,0.4249,11.13,1.292,3.295,1.437
0.4767,0.5691,3.3,0.7404,0.4149,9.118,3.179,0.4182,0.7047,3.848,1.57,1.234,1.418,0.51,0.1625,0.3679,10.79,1.103,4.103,1.35
0.4682,0.6859,3.098,0.6296,0.6073,9.011,0.5994,0.1604,0.6658,3.767,1.379,1.215,1.36,0.4111,0.8354,0.3135,10.61,0.4351,4.12,1.146
0.4492,0.9049,3.653,1.019,1.052,8.644,0.644,0.1216,0.8025,3.728,2.362,1.173,1.344,0.4671,1.026,1.06,10.45,0.09636,3.974,1.195
0.4205,0.4227,3.489,1.277,0.8554,9.347,1.388,0.9216,0.7308,3.708,3.337,1.497,1.37,0.3405,0.4671,1.287,10.24,0.6697,3.844,1.157
1.079,0.9985,3.451,1.387,9.64,9.404,0.7703,0.4001,0.3863,3.969,3.001,0.5012,0.6539,0.924,0.3976,1.234,9.99,4.095,3.758,0.9635
1.256,1.302,3.399,1.455,9.906,1.039,0.5797,0.61,0.656,4.005,2.95,0.915,1.133,1.126,13.5,13.57,13.17,4.045,0.4671,1.01
1.242,1.338,13.3,10.47,9.783,0.6439,0.1218,0.5174,0.6109,3.899,2.896,1.347,0.9378,13.49,13.56,0.4489,0.5186,0.7018,0.1398,0.8466
1.37,13.82,13.32,0.8432,0.4523,0.5621,0.2534,0.5217,0.8503,3.917,6.458,1.252,1.276,13.09,0.6321,0.06943,0.5787,1.017,0.09826,0.7717
14.22,13.59,0.3711,0.5775,0.5712,1.096,0.2696,0.5192,1.259,0.7155,6.278,1.445,1.294,12.88,0.5501,0.1203,0.09442,0.9919,0.4432,0.8281
13.93,0.6005,0.5933,0.8301,0.498,0.9378,0.6549,0.8443,1.184,0.566,6.111,1.5,1.518,12.67,0.5529,0.2073,0.1578,1.25,0.4034,0.8247
13.74,1.069,0.8579,0.9957,0.8422,1.153,0.7762,0.901,1.16,0.7118,6.003,1.487,1.4,12.33,0.8667,0.4987,0.1891,1.01,0.5483,0.7547
13.66,1.3,0.9952,0.8245,1.106,2.216,1.427,0.8123,1.212,0.8239,5.882,11.54,10.7,10.84,0.6873,1.55,1.408,1.182,1.337,0.9164
13.56,1.406,1.194,0.7353,1.145,2.369,0.5557,0.2315,1.546,1.159,5.826,11.31,0.639,0.3618,0.7318,1.519,0.3672,0.4205,1.49,0.5431
12.69,12.14,12.37,0.6724,1.262,2.66,0.6966,0.5142,1.981,1.359,5.747,11.2,0.5442,0.5237,2.083,1.526,0.4577,0.7254,1.861,0.8841
0.2511,0.3209,11.82,0.3874,1.341,2.939,0.7423,0.2578,2.06,1.384,5.701,10.74,0.4958,0.4196,1.823,0.6595,0.6869,0.9042,1.788,0.3842
0.3615,0.682,11.3,0.6115,1.356,2.89,0.5148,0.06943,1.92,1.388,5.631,10.31,0.3686,0.559,2.395,0.4951,0.8045,0.9037,1.52,0.2928
